1038
1718
1235
3437
2854
5796
2364
5281
4449
3608
6853
1096
2142
1281
7535
2919
2944
6282
3997
1678
7974
4887
1652
5903
5455
2323
1877
3240
3724
5274
3446
1590
1840
5585
3905
1234
3608
6616
6455
1867
2529
7878
1219
4885
4593
7582
6211
4107
1577
4064
1628
2400
6278
7504
4385
5648
6328
1175
3331
6262
2111
1134
6925
2102
1649
2403
4334
7853
6598
4769
1095
7212
5683
3701
2258
2940
3747
7372
1867
5002
3671
4152
5818
3501
1239
5186
3804
1933
4023
4334
7531
1390
3018
5573
5980
7960
1624
1064
7566
6829
4164
6235
4245
3633
2617
5724
6699
4320
1920
2771
7811
6061
4565
5188
1119
5745
6047
6618
3332
6968
4522
4577
2044
5528
1456
2268
6527
5130
5577
1435
5666
2156
6811
3641
1976
5523
4823
1091
2768
3243
7823
1019
3803
2292
6723
1261
3637
2062
3046
2078
4746
2326
4112
2183
3757
6742
3889
5493
1360
2129
2571
1647
1250
1466
4019
3971
2820
7820
2910
5451
3244
5152
6909
7474
7436
1719
7388
1252
4447
5838
2853
3491
1753
5840
6201
7167
4813
6553
4997
6927
3210
4548
3082
2276
4670
4843
4012
2799
6662
2535
3560
6949
2873
7358
3082
6850
7520
2733
6453
7255
5465
6095
1771
2138
2939
2173
6743
4280
7616
3121
6146
5608
4390
5521
3131
4691
4064
2302
5174
5876
5026
4230
4050
7945
2481
2158
4699
7743
7455
2742
5591
7859
6813
5312
2792
3654
4062
3016
6576
6780
1884
3590
4206
5403
5675
4494
3333
3473
5118
4023
3630
7250
2372
3245
5965
2061
6154
6488
3855
5106
2574
2940
4361
3922
7691
2897
4412
5085
3991
5656
6081
4893
1307
6976
4976
6351
3956
4698
4136
7702
7257
5640
4721
6382
1800
3524
4009
2186
2472
6500
1574
1247
7853
1881
4102
5750
1034
6949
7052
5779
5294
1634
1001
1111
2125
2513
7229
6320
6529
1961
3587
3722
6451
4190
6475
3088
2527
3265
6724
4891
4570
3748
5856
1360
1907
1617
1803
7910
2089
1204
4111
3493
4125
5335
7912
2903
6364
1840
2426
6060
5333
2607
1800
1327
1933
5401
2134
7068
2700
2504
1191
7537
5605
3716
3677
